32
19.10 24.30  0  0
12.60 24.90 20  8
14.40 28.00 20  7
16.90 28.10 20  10
20.70 28.20 20  12
12.50 26.60 20  14
21.80 27.30 20  15
12.50 22.60 20  11
22.50 17.00 30  6
19.90 15.00 30  4
14.90 15.10 30  5
11.50 18.60 30  13
12.40 29.80 30  5
17.80 28.10 30  13
9.10 29.80 40   5
10.00 32.60 40  15
13.90 33.10 40  6
19.95 10.30 40  4
15.20  8.00 40  5
14.70 31.20 50  10
7.40 36.50 50   8
21.00 25.50 50  13
18.00 25.30 10  6
19.50 24.70 10  3
21.40 21.80 10  9
16.00 21.40 10  6
18.65 26.20 10  7
17.90 28.90 10  9
14.30 19.90 20  3
17.00 19.00 20  2
10.80 21.00 20  9
15.70 23.70 10  3