31
10.50 14.40  0  0
18.00 15.90 10  5
18.30 13.30 10  3
16.50  9.30 10  4
15.40 11.00 10  2
14.90 13.20  5  1
16.30 13.30  5  1
16.40 17.80  5  2
15.00 17.90  5  1
16.10 19.60 10  1
15.70 20.60 10  5
13.20 20.10 10  5
14.30 15.30  5  2
14.00  5.10 10  1
11.40  6.70 15  6
8.30  5.00 15   3
7.90  9.80 10   3
11.40 12.00  5  2
11.20 17.60  5  3
10.10 18.70  5  1
11.70 20.30 10  4
10.20 22.10 10  5
9.70 23.80 10   5
10.10 26.40 15  2
7.40 24.00 15   5
8.20 19.90 15   4
8.70 17.70 10   1
8.90 13.60 10   3
5.60 11.10 10   6
4.90 18.90 10   3
7.30 18.80 10   4