Tmax = 80.0;   K = 520.0.
Except: 700.0
Std: 204.0
obj: 0.0
Path: 1, 24, 22, 7, 5, 14, 4, 20, 17, 16, 15, 13, 3, 6, 2, 8, 31, 12, 11, 19, 18, 10, 9, 30, 29, 26, 1
Tmax = 80.0;   K = 550.0.
Except: 710.0
Std: 216.0
obj: 1.1368683772161603E-13
Path: 1, 25, 9, 10, 18, 19, 11, 30, 29, 12, 31, 8, 2, 6, 15, 16, 17, 20, 13, 3, 4, 14, 28, 5, 7, 22, 24, 1
Tmax = 80.0;   K = 580.0.
Except: 710.0
Std: 216.0
obj: 0.0
Path: 1, 24, 22, 7, 5, 14, 28, 4, 20, 17, 16, 15, 13, 3, 6, 2, 8, 31, 12, 29, 30, 11, 19, 18, 10, 9, 25, 1
